010 2.30103 1 78 1 22.0974
0408 2.30103 1 66 1 30.4737
1 2.30103 1 171 1 28.5934
17th 2.30103 1 186 1 15.8704
1936 2.30103 1 111 1 23.73
1950s 2.30103 1 134 1 62.7612
1980 2.30103 1 83 1 18.8019
2010 2.30103 1 116 1 28.2875
2011 2.30103 1 189 1 20.1576
30 2 2 113 1 11.1086 183 1 34.5477
39 2.30103 1 104 1 16.4033
40th 2.30103 1 77 1 21.53
5 2.30103 1 48 1 32.5934
a330 2.30103 1 66 1 30.4737
aerospatiale 2.30103 1 48 1 32.5934
afghanistan 2.30103 1 43 1 18.004
africa 2 2 117 1 15.1086 119 1 25.8497
aggressors 2.30103 1 65 1 8.62138
air 2 2 66 1 30.4737 135 1 5.81384
airbus 2.30103 1 66 1 30.4737
airplane 1.82391 3 58 1 45.6846 60 1 8.62138 62 1 13.9161
airplanes 2.30103 1 59 1 15.8842
alex 2.30103 1 125 1 10.5895
allen 2.30103 1 172 1 12.7092
american 2.30103 1 127 1 21.8385
amy 2.30103 1 69 1 18.4508
anniversary 2.30103 1 77 1 21.53
arena 2.30103 1 145 1 14.8629
arkady 2.30103 1 88 1 33.7227
army 2.30103 1 85 1 11.249
as350ba 2.30103 1 48 1 32.5934
atlantis 1.82391 3 32 1 10.1598 33 1 10.1598 34 1 18.9354
attacking 2 2 155 1 7.32664 168 1 8.4389
austria 2.30103 1 84 1 33.9587
auto 2 2 76 1 31.2096 81 1 31.4981
babyfoot 2.30103 1 116 1 28.2875
back 2.30103 1 144 1 20.1576
baked 2.30103 1 9 1 24.0655
balagan 2.30103 1 88 1 33.7227
barbie 2.30103 1 121 1 7.24898
base 2.30103 1 63 1 17.9161
baseball 1.34679 9 130 1 12.4033 131 1 33.5823 132 1 15.1086 133 1 17.6981 134 1 62.7612 135 1 5.81384 136 1 12.4033 137 1 16.4033 138 1 9.81384
beach 2.30103 1 180 1 23.2987
bell 2.30103 1 44 1 16.7092
berlin 2 2 111 1 23.73 157 1 11.6139
bicycle 1.39794 8 49 1 7.24898 50 1 17.8385 51 1 7.24898 52 1 7.24898 53 1 7.24898 54 1 7.24898 55 1 32.4279 56 1 7.24898
bicycles 2.30103 1 57 1 10.5895
bicylcle 2.30103 1 51 1 7.24898
bike 2.30103 1 55 1 32.4279
bikini 2.30103 1 97 1 25.179
bird 1.45593 7 167 1 12.7092 168 1 8.4389 169 1 11.4145 170 1 12.7092 172 1 12.7092 173 1 22.004 174 1 18.004
birds 2.30103 1 171 1 28.5934
bison 2.30103 1 17 1 10.5895
black 1.69897 4 175 1 34.6549 177 1 20.7289 191 1 20.725 192 1 26.1852
blind 2.30103 1 55 1 32.4279
bmw 1.82391 3 77 1 21.53 78 1 22.0974 79 1 21.53
boat 1.60206 5 69 1 18.4508 70 1 7.86134 71 1 7.86134 72 1 23.7456 75 1 7.86134
boating 2.30103 1 68 1 25.179
boats 1.82391 3 67 1 3.32664 73 1 7.32664 74 1 17.9161
borango 2.30103 1 163 1 19.2109
bored 2.30103 1 149 1 12.9086
boston 2 2 110 1 14.4352 138 1 9.81384
braylon 2.30103 1 128 1 23.1332
breaded 2.30103 1 21 1 18.7707
breaking 2.30103 1 198 1 18.6025
bricks 2.30103 1 143 1 19.8842
bristol 2.30103 1 103 1 15.2898
britain 2.30103 1 120 1 16.4033
british 2.30103 1 152 1 12.9086
broadway 2.30103 1 27 1 7.24898
brown 2.30103 1 183 1 34.5477
bryant 2.30103 1 119 1 25.8497
buffalo 2.30103 1 154 1 13.9161
bun 2.30103 1 7 1 16.8026
burger 2.30103 1 7 1 16.8026
cabrio 2.30103 1 84 1 33.9587
cake 2.30103 1 77 1 21.53
camp 2 2 127 1 21.8385 166 1 16.9086
canada 2.30103 1 66 1 30.4737
cap 2.30103 1 60 1 8.62138
car 1.52288 6 77 1 21.53 79 1 21.53 81 1 31.4981 82 1 20.77 83 1 18.8019 168 1 8.4389
cars 1.69897 4 76 1 31.2096 78 1 22.0974 80 1 8.77974 84 1 33.9587
cassin 2.30103 1 173 1 22.004
cat 1.39794 8 183 1 34.5477 184 1 7.24898 186 1 15.8704 187 1 11.249 188 1 7.24898 189 1 20.1576 190 1 14.8629 191 1 20.725
cats 2.30103 1 185 1 15.8842
champions 2.30103 1 120 1 16.4033
chard 2.30103 1 3 1 33.8882
chas 2.30103 1 58 1 45.6846
checkmate 2 2 89 1 5.95424 92 1 23.1103
cheese 2.30103 1 8 1 10.5895
chef 2.30103 1 26 1 12.5437
chess 1.39794 8 85 1 11.249 87 1 7.24898 88 1 33.7227 89 1 5.95424 90 1 11.249 91 1 12.5437 92 1 23.1103 93 1 10.5756
chessmen 2.30103 1 86 1 10.5895
chicken 1.82391 3 7 1 16.8026 18 1 11.5079 23 1 10.5756
chiefs 2.30103 1 124 1 12.5437
china 2.30103 1 153 1 11.6139
choclate 2.30103 1 100 1 7.10858
ciliegino 2.30103 1 6 1 41.8882
city 2 2 90 1 11.249 104 1 16.4033
close 2.30103 1 199 1 18.6025
closes 2.30103 1 193 1 16.7092
cn 2.30103 1 66 1 30.4737
cold 2.30103 1 106 1 13.3217
college 2.30103 1 109 1 17.6981
colony 2.30103 1 133 1 17.6981
coming 2.30103 1 144 1 20.1576
complete 2.30103 1 55 1 32.4279
con 2 2 0 1 20.7092 6 1 41.8882
contest 2 2 1 1 13.4464 2 1 13.4464
cordillerana 2.30103 1 175 1 34.6549
cornmeal 2.30103 1 21 1 18.7707
county 2.30103 1 189 1 20.1576
coupe 2.30103 1 116 1 28.2875
cream 2.30103 1 10 1 11.0677
crossing 2.30103 1 140 1 7.24898
cup 1.82391 3 118 1 17.8497 119 1 25.8497 158 1 18.355
custom 2 2 55 1 32.4279 76 1 31.2096
cute 2.30103 1 185 1 15.8842
cutest 2.30103 1 183 1 34.5477
dakota 2.30103 1 134 1 62.7612
damon 2.30103 1 137 1 16.4033
dancer 2.30103 1 150 1 7.6139
day 1.82391 3 106 1 13.3217 151 1 10.9405 186 1 15.8704
delivery 2.30103 1 24 1 12.5437
di 2 2 0 1 20.7092 6 1 41.8882
diesel 2.30103 1 83 1 18.8019
digue 2.30103 1 180 1 23.2987
display 2.30103 1 61 1 13.9161
dog 1.45593 7 98 1 3.93357 176 1 4.4389 177 1 20.7289 178 1 21.3306 180 1 23.2987 181 1 7.41448 182 1 23.2987
dogs 2.30103 1 179 1 5.29474
domino 2.30103 1 24 1 12.5437
dove 2.30103 1 175 1 34.6549
doyle 2.30103 1 88 1 33.7227
drew 2.30103 1 141 1 28.4279
du 2.30103 1 116 1 28.2875
eastern 2.30103 1 167 1 12.7092
eating 1.82391 3 1 1 13.4464 2 1 13.4464 139 1 10.5756
edwards 2.30103 1 128 1 23.1332
eggs 2.30103 1 19 1 8.18124
elephant 1.52288 6 158 1 18.355 159 1 6.31916 160 1 12.9086 161 1 7.6139 162 1 12.9086 166 1 16.9086
elephants 1.82391 3 163 1 19.2109 164 1 17.9161 165 1 8.62138
elmo 2.30103 1 26 1 12.5437
em 2.30103 1 193 1 16.7092
endgame 2.30103 1 88 1 33.7227
ends 2.30103 1 129 1 17.8385
enterprise 2 2 38 1 7.50652 40 1 7.50652
error 2.30103 1 78 1 22.0974
essex 2.30103 1 47 1 28.5934
estate 2.30103 1 141 1 28.4279
family 1.82391 3 142 1 5.28088 146 1 5.28088 178 1 21.3306
fans 2.30103 1 118 1 17.8497
farro 2.30103 1 6 1 41.8882
father 2.30103 1 127 1 21.8385
feast 2.30103 1 156 1 12.6214
feds 2 2 1 1 13.4464 2 1 13.4464
felix 2.30103 1 101 1 21.0247
female 2.30103 1 199 1 18.6025
ferry 2.30103 1 72 1 23.7456
fig 2.30103 1 28 1 12.5437
finals 2.30103 1 123 1 12.5437
fly 2.30103 1 147 1 14.5895
foot 2.30103 1 160 1 12.9086
football 1.39794 8 121 1 7.24898 122 1 7.24898 123 1 12.5437 124 1 12.5437 126 1 7.24898 127 1 21.8385 128 1 23.1332 129 1 17.8385
footballer 2.30103 1 125 1 10.5895
francisco 2.30103 1 62 1 13.9161
french 2.30103 1 64 1 14.5895
freshman 2.30103 1 133 1 17.6981
fried 2.30103 1 18 1 11.5079
friendly 2.30103 1 112 1 12.4033
gadsden 2.30103 1 131 1 33.5823
gamberi 2.30103 1 6 1 41.8882
garden 2.30103 1 174 1 18.004
gear 2.30103 1 34 1 18.9354
girl 2.30103 1 107 1 7.10858
gmc 2.30103 1 114 1 7.10858
goal 2.30103 1 105 1 7.10858
goddess 2.30103 1 97 1 25.179
gorge 2.30103 1 68 1 25.179
gpower 2.30103 1 79 1 21.53
great 1.82391 3 196 1 12.013 198 1 18.6025 199 1 18.6025
greensborough 2.30103 1 102 1 15.73
griffin 2.30103 1 81 1 31.4981
ground 2.30103 1 175 1 34.6549
gt2 2.30103 1 79 1 21.53
gti 2.30103 1 81 1 31.4981
habitat 2.30103 1 171 1 28.5934
hal 2.30103 1 104 1 16.4033
hall 2.30103 1 174 1 18.004
hammerhead 2.30103 1 197 1 7.41448
hanoi 2.30103 1 96 1 21.0247
harbor 2 2 73 1 7.32664 74 1 17.9161
hats 2.30103 1 130 1 12.4033
heading 2.30103 1 63 1 17.9161
heart 2.30103 1 22 1 23.1332
heaven 2.30103 1 185 1 15.8842
helicopter 1.45593 7 42 1 7.41448 43 1 18.004 44 1 16.7092 45 1 7.41448 46 1 9.53421 47 1 28.5934 48 1 32.5934
helicopters 2.30103 1 41 1 10.5895
hockey 1.34679 9 103 1 15.2898 104 1 16.4033 105 1 7.10858 106 1 13.3217 107 1 7.10858 108 1 23.9112 109 1 17.6981 110 1 14.4352 111 1 23.73
home 2.30103 1 191 1 20.725
homemade 2.30103 1 12 1 22.7707
hotel 2.30103 1 178 1 21.3306
house 2.30103 1 143 1 19.8842
hs 2.30103 1 133 1 17.6981
huey 2.30103 1 45 1 7.41448
humming 2.30103 1 172 1 12.7092
hunting 2.30103 1 154 1 13.9161
ice 1.69897 4 10 1 11.0677 103 1 15.2898 106 1 13.3217 108 1 23.9112
imageloger 2.30103 1 50 1 17.8385
india 2.30103 1 164 1 17.9161
indian 2 2 111 1 23.73 159 1 6.31916
indiana 2.30103 1 76 1 31.2096
indianapolis 2.30103 1 76 1 31.2096
indoors 2.30103 1 39 1 6.98742
inter 2.30103 1 41 1 10.5895
interior 2.30103 1 61 1 13.9161
international 2.30103 1 186 1 15.8704
island 2.30103 1 139 1 10.5756
japan 2.30103 1 36 1 18.096
jeffrey 2.30103 1 183 1 34.5477
jet 2 2 44 1 16.7092 68 1 25.179
johnny 2.30103 1 137 1 16.4033
judge 2.30103 1 190 1 14.8629
jumping 2 2 195 1 6.11974 196 1 12.013
kalamata 2.30103 1 3 1 33.8882
kanchanaburi 2.30103 1 101 1 21.0247
katie 2.30103 1 177 1 20.7289
ketchup 2.30103 1 5 1 7.41448
king 2 2 85 1 11.249 173 1 22.004
kiplings 2.30103 1 166 1 16.9086
kobe 2.30103 1 119 1 25.8497
kpix 2.30103 1 48 1 32.5934
la 2.30103 1 180 1 23.2987
landing 2.30103 1 34 1 18.9354
landscape 2.30103 1 84 1 33.9587
latvia 2.30103 1 112 1 12.4033
league 2 2 120 1 16.4033 134 1 62.7612
learn 2.30103 1 147 1 14.5895
lego 2 2 30 1 7.50652 132 1 15.1086
lewis 2.30103 1 86 1 10.5895
liga 2.30103 1 141 1 28.4279
lion 1.52288 6 149 1 12.9086 150 1 7.6139 151 1 10.9405 152 1 12.9086 153 1 11.6139 157 1 11.6139
lions 1.82391 3 154 1 13.9161 155 1 7.32664 156 1 12.6214
lizard 2.30103 1 94 1 12.4033
local 2.30103 1 102 1 15.73
lodge 2.30103 1 91 1 12.5437
loss 2.30103 1 92 1 23.1103
lotherton 2.30103 1 174 1 18.004
love 2.30103 1 22 1 23.1332
m3 2.30103 1 79 1 21.53
made 2.30103 1 22 1 23.1332
mahouts 2.30103 1 165 1 8.62138
maki 2.30103 1 16 1 12.1812
making 2.30103 1 12 1 22.7707
mark 2.30103 1 58 1 45.6846
mascot 2.30103 1 158 1 18.355
match 2.30103 1 136 1 12.4033
meatball 2.30103 1 8 1 10.5895
melanoptera 2.30103 1 175 1 34.6549
men 1.82391 3 93 1 10.5756 99 1 8.46712 110 1 14.4352
merluzzo 2.30103 1 0 1 20.7092
metriopelia 2.30103 1 175 1 34.6549
military 2 2 63 1 17.9161 64 1 14.5895
mkv 2.30103 1 81 1 31.4981
model 2 2 36 1 18.096 97 1 25.179
monde 2.30103 1 116 1 28.2875
monitor 2.30103 1 94 1 12.4033
monterey 2.30103 1 74 1 17.9161
morning 2.30103 1 182 1 23.2987
motorwerke 2.30103 1 81 1 31.4981
museum 2.30103 1 152 1 12.9086
mushroom 2.30103 1 4 1 12.7092
n110tv 2.30103 1 48 1 32.5934
nana 2.30103 1 184 1 7.24898
nancy 2.30103 1 58 1 45.6846
navy 2.30103 1 47 1 28.5934
nelson 2.30103 1 177 1 20.7289
nevadas 2.30103 1 170 1 12.7092
night 2.30103 1 12 1 22.7707
north 2.30103 1 134 1 62.7612
nosy 2.30103 1 187 1 11.249
oakland 2.30103 1 109 1 17.6981
obp 2.30103 1 171 1 28.5934
occhipiuverdi 2.30103 1 6 1 41.8882
olives 2.30103 1 3 1 33.8882
olympic 1.82391 3 99 1 8.46712 108 1 23.9112 111 1 23.73
onions 2.30103 1 3 1 33.8882
orcs 2.30103 1 148 1 11.249
osaka 2.30103 1 56 1 7.24898
ou 2.30103 1 109 1 17.6981
outdoor 2.30103 1 92 1 23.1103
pack 2.30103 1 128 1 23.1332
palomita 2.30103 1 175 1 34.6549
papa 2.30103 1 52 1 7.24898
paper 2.30103 1 59 1 15.8842
park 2.30103 1 192 1 26.1852
parts 2.30103 1 58 1 45.6846
patriots 2.30103 1 129 1 17.8385
pecorino 2.30103 1 3 1 33.8882
pendant 2.30103 1 108 1 23.9112
peperoncini 2.30103 1 6 1 41.8882
perreroni 2.30103 1 23 1 10.5756
persian 2.30103 1 188 1 7.24898
personal 2.30103 1 74 1 17.9161
pesto 2.30103 1 25 1 7.24898
photos 2.30103 1 69 1 18.4508
pig 1.39794 8 139 1 10.5756 140 1 7.24898 141 1 28.4279 142 1 5.28088 144 1 20.1576 145 1 14.8629 146 1 5.28088 148 1 11.249
pigs 2 2 143 1 19.8842 147 1 14.5895
pilot 2.30103 1 43 1 18.004
pitbulls 2.30103 1 103 1 15.2898
pizza 1.39794 8 22 1 23.1332 23 1 10.5756 24 1 12.5437 25 1 7.24898 26 1 12.5437 27 1 7.24898 28 1 12.5437 29 1 7.24898
plane 1.82391 3 61 1 13.9161 63 1 17.9161 65 1 8.62138
planes 2.30103 1 64 1 14.5895
player 2 2 132 1 15.1086 134 1 62.7612
playing 2.30103 1 59 1 15.8842
plays 2.30103 1 88 1 33.7227
plaza 2.30103 1 96 1 21.0247
pole 2.30103 1 78 1 22.0974
pool 1.82391 3 96 1 21.0247 101 1 21.0247 102 1 15.73
poor 2 2 92 1 23.1103 148 1 11.249
portrait 2.30103 1 134 1 62.7612
postcards 2.30103 1 183 1 34.5477
potato 2.30103 1 9 1 24.0655
print 2.30103 1 160 1 12.9086
privada 2.30103 1 141 1 28.4279
pro 2.30103 1 95 1 7.10858
prosciutto 2.30103 1 28 1 12.5437
pugsley 2.30103 1 55 1 32.4279
rabbit 1.60206 5 80 1 8.77974 82 1 20.77 83 1 18.8019 84 1 33.9587 177 1 20.7289
ragu 2.30103 1 4 1 12.7092
rainbow 2.30103 1 11 1 8.18124
ranger 2.30103 1 44 1 16.7092
rarest 2.30103 1 171 1 28.5934
ravens 2.30103 1 124 1 12.5437
ready 2.30103 1 126 1 7.24898
red 2.30103 1 151 1 10.9405
redsox 2 2 137 1 16.4033 138 1 9.81384
reef 2.30103 1 192 1 26.1852
reflections 2.30103 1 70 1 7.86134
refreshing 2.30103 1 14 1 12.1812
rent 2.30103 1 53 1 7.24898
resort 2.30103 1 101 1 21.0247
resting 2 2 156 1 12.6214 193 1 16.7092
retiring 2.30103 1 190 1 14.8629
ride 2.30103 1 42 1 7.41448
rim 2.30103 1 54 1 7.24898
ring 2.30103 1 144 1 20.1576
river 2.30103 1 68 1 25.179
roger 2.30103 1 82 1 20.77
roll 2 2 14 1 12.1812 15 1 10.8865
rolls 2.30103 1 13 1 15.8842
royal 2.30103 1 47 1 28.5934
rubins 2.30103 1 58 1 45.6846
rugby 2.30103 1 134 1 62.7612
run 2.30103 1 182 1 23.2987
safari 2.30103 1 164 1 17.9161
salad 2.30103 1 9 1 24.0655
salmon 2.30103 1 21 1 18.7707
samsung 2.30103 1 50 1 17.8385
san 2.30103 1 62 1 13.9161
sandwich 1.69897 4 7 1 16.8026 9 1 24.0655 10 1 11.0677 11 1 8.18124
sawasdee 2.30103 1 162 1 12.9086
schaeffer 2.30103 1 91 1 12.5437
scrabble 2.30103 1 108 1 23.9112
sea 2.30103 1 149 1 12.9086
seals 2.30103 1 161 1 7.6139
serving 2.30103 1 43 1 18.004
seychelles 2.30103 1 180 1 23.2987
shark 1.45593 7 192 1 26.1852 193 1 16.7092 195 1 6.11974 196 1 12.013 197 1 7.41448 198 1 18.6025 199 1 18.6025
sharks 2.30103 1 194 1 7.10858
shawn 2.30103 1 88 1 33.7227
shore 2.30103 1 181 1 7.41448
show 1.52288 6 76 1 31.2096 144 1 20.1576 145 1 14.8629 176 1 4.4389 189 1 20.1576 190 1 14.8629
showing 2.30103 1 128 1 23.1332
shows 2.30103 1 191 1 20.725
shuttle 1.30103 10 30 1 7.50652 32 1 10.1598 33 1 10.1598 34 1 18.9354 35 1 3.50652 36 1 18.096 37 1 3.50652 38 1 7.50652 39 1 6.98742 40 1 7.50652
sierra 2.30103 1 170 1 12.7092
sillhouette 2.30103 1 113 1 11.1086
sinking 2.30103 1 75 1 7.86134
small 2.30103 1 145 1 14.8629
smoke 2.30103 1 87 1 7.24898
snead 2.30103 1 131 1 33.5823
sneeze 2.30103 1 183 1 34.5477
snow 2.30103 1 55 1 32.4279
soccer 1.34679 9 112 1 12.4033 113 1 11.1086 114 1 7.10858 115 1 28.2875 116 1 28.2875 117 1 15.1086 118 1 17.8497 119 1 25.8497 120 1 16.4033
sofitel 2.30103 1 96 1 21.0247
sonoma 2.30103 1 189 1 20.1576
south 2 2 117 1 15.1086 119 1 25.8497
space 1.34679 9 30 1 7.50652 31 1 7.10858 32 1 10.1598 33 1 10.1598 35 1 3.50652 36 1 18.096 37 1 3.50652 38 1 7.50652 40 1 7.50652
spaghetti 1.45593 7 0 1 20.7092 1 1 13.4464 2 1 13.4464 3 1 33.8882 4 1 12.7092 5 1 7.41448 6 1 41.8882
spain 2.30103 1 118 1 17.8497
spin 2.30103 1 82 1 20.77
springs 2.30103 1 163 1 19.2109
square 2.30103 1 90 1 11.249
st600 2.30103 1 50 1 17.8385
stadium 2.30103 1 123 1 12.5437
stainless 2.30103 1 58 1 45.6846
staring 2 2 169 1 11.4145 187 1 11.249
state 2.30103 2 131 2 33.5823
statues 2.30103 1 93 1 10.5756
steak 1.69897 4 18 1 11.5079 19 1 8.18124 20 1 8.18124 21 1 18.7707
steaks 2.30103 1 17 1 10.5895
steel 2.30103 1 58 1 45.6846
store 2.30103 1 36 1 18.096
strands 2.30103 1 134 1 62.7612
street 2.30103 1 115 1 28.2875
sts 1.82391 3 32 1 10.1598 33 1 10.1598 34 1 18.9354
studio 2.30103 2 134 2 62.7612
stumpy 2.30103 1 158 1 18.355
suit 2.30103 1 97 1 25.179
sunken 2.30103 1 71 1 7.86134
sushi 1.69897 4 12 1 22.7707 14 1 12.1812 15 1 10.8865 16 1 12.1812
swim 2.30103 1 97 1 25.179
swimming 1.34679 9 94 1 12.4033 95 1 7.10858 96 1 21.0247 98 1 3.93357 99 1 8.46712 100 1 7.10858 101 1 21.0247 102 1 15.73 194 1 7.10858
swiss 2.30103 1 3 1 33.8882
t52 2.30103 1 141 1 28.4279
takes 2.30103 1 178 1 21.3306
takin 2.30103 1 69 1 18.4508
tar 2.30103 1 192 1 26.1852
tara 2.30103 1 166 1 16.9086
tarako 2.30103 1 0 1 20.7092
tartare 2.30103 1 20 1 8.18124
tauplitz 2.30103 1 84 1 33.9587
team 2.30103 1 111 1 23.73
tempura 2.30103 1 13 1 15.8842
thai 2.30103 1 47 1 28.5934
thailand 2.30103 1 162 1 12.9086
thompson 2.30103 1 58 1 45.6846
tiger 2 2 153 1 11.6139 164 1 17.9161
tight 2.30103 1 129 1 17.8385
tile 2.30103 1 108 1 23.9112
tip 2.30103 1 192 1 26.1852
today 2.30103 1 22 1 23.1332
tofu 2 2 15 1 10.8865 16 1 12.1812
toon 2.30103 1 82 1 20.77
trafford 2.30103 1 122 1 7.24898
truck 2.30103 1 31 1 7.10858
tuna 2.30103 1 9 1 24.0655
tv 2 2 12 1 22.7707 48 1 32.5934
tyrannus 2.30103 1 173 1 22.004
uiuc 2.30103 1 143 1 19.8842
university 2.30103 1 110 1 14.4352
urban 2.30103 1 57 1 10.5895
usa 2.30103 1 130 1 12.4033
uss 2.30103 1 47 1 28.5934
vacation 2.30103 1 178 1 21.3306
van 2.30103 1 29 1 7.24898
veggie 2.30103 1 13 1 15.8842
versatility 2.30103 1 191 1 20.725
view 2.30103 1 72 1 23.7456
vintage 2.30103 1 49 1 7.24898
vociferans 2.30103 1 173 1 22.004
volkswagen 1.82391 3 80 1 8.77974 83 1 18.8019 84 1 33.9587
vw 2 2 81 1 31.4981 84 1 33.9587
waimakariri 2.30103 1 68 1 25.179
walk 2.30103 1 182 1 23.2987
walter 2.30103 1 127 1 21.8385
war 2.30103 1 46 1 9.53421
water 2.30103 1 198 1 18.6025
wcup 2.30103 1 117 1 15.1086
weaver 2.30103 1 169 1 11.4145
wednesday 2.30103 1 182 1 23.2987
wellington 2.30103 1 72 1 23.7456
wheels 2.30103 1 76 1 31.2096
whip 2.30103 1 167 1 12.7092
white 1.60206 5 92 1 23.1103 177 1 20.7289 196 1 12.013 198 1 18.6025 199 1 18.6025
wild 2.30103 1 163 1 19.2109
world 1.45593 7 46 1 9.53421 76 1 31.2096 118 1 17.8497 119 1 25.8497 158 1 18.355 171 1 28.5934 183 1 34.5477
yankees 2.30103 1 136 1 12.4033
youthlink 2.30103 2 115 2 28.2875
zealand 2.30103 1 72 1 23.7456
zombie 2.30103 1 132 1 15.1086
zoo 2.30103 1 157 1 11.6139
zucchine 2.30103 1 6 1 41.8882
